0.0424107142857143 0.0915178571428571 0.0401785714285714 0.015625 0.015625 0.0223214285714286 0.0223214285714286 0.0825892857142857 0.120535714285714 0.0736607142857143 0.0535714285714286 0.0535714285714286 0.0178571428571429 0.0357142857142857 0.111607142857143 0.0334821428571429 0.0223214285714286 0.0602678571428571 0.0200892857142857 0.0647321428571429
0.0502793296089385 0.173184357541899 0.0893854748603352 0.00558659217877095 0.0446927374301676 0 0.0335195530726257 0.0782122905027933 0.0726256983240224 0.0279329608938547 0.0502793296089385 0.0446927374301676 0.0223463687150838 0.0111731843575419 0.0391061452513966 0.0893854748603352 0.0223463687150838 0.0782122905027933 0.0223463687150838 0.0446927374301676
0.0811965811965812 0.0541310541310541 0.0626780626780627 0.0427350427350427 0.0327635327635328 0.00854700854700855 0.0299145299145299 0.0826210826210826 0.0811965811965812 0.0455840455840456 0.0541310541310541 0.0541310541310541 0.00997150997150997 0.0213675213675214 0.0612535612535613 0.0598290598290598 0.0384615384615385 0.0911680911680912 0.0313390313390313 0.056980056980057
0.0952380952380952 0.0576441102756892 0.0776942355889724 0.037593984962406 0.0275689223057644 0.0025062656641604 0.025062656641604 0.0902255639097744 0.075187969924812 0.0426065162907268 0.0476190476190476 0.0776942355889724 0.0025062656641604 0.025062656641604 0.050125313283208 0.06265664160401 0.0175438596491228 0.0827067669172932 0.0300751879699248 0.0726817042606516
0.0568561872909699 0.140468227424749 0.0735785953177258 0.040133779264214 0.0100334448160535 0.00668896321070234 0.0167224080267559 0.0702341137123746 0.0869565217391304 0.040133779264214 0.0568561872909699 0.0367892976588629 0.0167224080267559 0.0133779264214047 0.0836120401337793 0.0434782608695652 0.0367892976588629 0.0836120401337793 0.0234113712374582 0.0635451505016722
0.11340206185567 0.103092783505155 0.0618556701030928 0.0309278350515464 0.0103092783505155 0.0103092783505155 0 0.0618556701030928 0.154639175257732 0.0206185567010309 0.0412371134020619 0.0309278350515464 0.0103092783505155 0 0.0515463917525773 0.0412371134020619 0.134020618556701 0.0618556701030928 0.0103092783505155 0.0515463917525773
0.113095238095238 0.0714285714285714 0.113095238095238 0.0119047619047619 0.0476190476190476 0 0 0.0952380952380952 0.0416666666666667 0.0476190476190476 0.0595238095238095 0.0595238095238095 0 0.0119047619047619 0.0178571428571429 0.101190476190476 0.00595238095238095 0.101190476190476 0.0238095238095238 0.0773809523809524
0.090032154340836 0.147909967845659 0.0385852090032154 0.0128617363344051 0.0418006430868167 0.00643086816720257 0.0160771704180064 0.0482315112540193 0.090032154340836 0.0578778135048231 0.090032154340836 0.0610932475884244 0.00964630225080386 0.0385852090032154 0.0739549839228296 0.0192926045016077 0.0482315112540193 0.0643086816720257 0.0128617363344051 0.0321543408360129
0.0802292263610315 0.0916905444126074 0.0687679083094556 0.0601719197707736 0.0200573065902579 0.00286532951289398 0.0114613180515759 0.0773638968481375 0.114613180515759 0.0601719197707736 0.0687679083094556 0.0429799426934097 0.00573065902578797 0.0286532951289398 0.0601719197707736 0.0458452722063037 0.0343839541547278 0.0544412607449857 0.0257879656160458 0.0458452722063037
0.0972222222222222 0.087962962962963 0.0509259259259259 0.0138888888888889 0.0231481481481481 0.0138888888888889 0.0185185185185185 0.0555555555555556 0.111111111111111 0.0833333333333333 0.0555555555555556 0.0416666666666667 0.0324074074074074 0.0509259259259259 0.0694444444444444 0.0185185185185185 0.0277777777777778 0.0555555555555556 0.0138888888888889 0.0787037037037037
0.0480769230769231 0.125 0.0673076923076923 0.0480769230769231 0.0480769230769231 0 0.0480769230769231 0.0673076923076923 0.0769230769230769 0.0192307692307692 0.115384615384615 0.0288461538461538 0.00961538461538462 0.0480769230769231 0.0673076923076923 0.0288461538461538 0.00961538461538462 0.0576923076923077 0.0480769230769231 0.0384615384615385
0.0547112462006079 0.060790273556231 0.0364741641337386 0.033434650455927 0.0547112462006079 0.0212765957446809 0.0516717325227964 0.103343465045593 0.0790273556231003 0.0577507598784195 0.0486322188449848 0.0516717325227964 0.0121580547112462 0.0303951367781155 0.0455927051671733 0.0638297872340425 0.027355623100304 0.060790273556231 0.0425531914893617 0.0638297872340425
0.0809061488673139 0.0841423948220065 0.0776699029126214 0.00970873786407767 0.0258899676375405 0.00647249190938511 0.00323624595469256 0.087378640776699 0.158576051779935 0.0453074433656958 0.0485436893203883 0.0550161812297735 0.00323624595469256 0.0194174757281553 0.0485436893203883 0.029126213592233 0.0453074433656958 0.0744336569579288 0.0550161812297735 0.0420711974110032
0.0599078341013825 0.076036866359447 0.0460829493087558 0.0230414746543779 0.043778801843318 0.0184331797235023 0.0391705069124424 0.0806451612903226 0.129032258064516 0.0391705069124424 0.0576036866359447 0.0622119815668203 0.0115207373271889 0.0184331797235023 0.0368663594470046 0.0483870967741935 0.0668202764976959 0.0622119815668203 0.0276497695852535 0.0529953917050691
0.134020618556701 0.0721649484536082 0.103092783505155 0.0206185567010309 0.0103092783505155 0 0.0103092783505155 0.103092783505155 0.0721649484536082 0.0206185567010309 0.0618556701030928 0.0309278350515464 0 0.0103092783505155 0.0515463917525773 0.0824742268041237 0 0.103092783505155 0.0515463917525773 0.0618556701030928
0.0841750841750842 0.114478114478114 0.0471380471380471 0.0303030303030303 0.037037037037037 0.0101010101010101 0.0101010101010101 0.0505050505050505 0.0875420875420875 0.0707070707070707 0.0572390572390572 0.0505050505050505 0.0134680134680135 0.0336700336700337 0.0740740740740741 0.037037037037037 0.0437710437710438 0.0808080808080808 0.0269360269360269 0.0404040404040404
0.078125 0.1171875 0.046875 0.046875 0.046875 0.0078125 0.015625 0.078125 0.125 0.0234375 0.03125 0.0390625 0 0 0.03125 0.0859375 0.015625 0.0859375 0.0625 0.0625
0.0540540540540541 0.108108108108108 0.0608108108108108 0.0135135135135135 0.027027027027027 0 0.027027027027027 0.0743243243243243 0.0675675675675676 0.0135135135135135 0.0337837837837838 0.0472972972972973 0.027027027027027 0.0810810810810811 0.0540540540540541 0.0608108108108108 0.0337837837837838 0.0945945945945946 0.0405405405405405 0.0810810810810811
0.0640394088669951 0.137931034482759 0.0246305418719212 0.0246305418719212 0.0295566502463054 0.0147783251231527 0.0246305418719212 0.0640394088669951 0.0689655172413793 0.0295566502463054 0.0541871921182266 0.0935960591133005 0.0147783251231527 0.0295566502463054 0.0443349753694581 0.0541871921182266 0.0541871921182266 0.0788177339901478 0.0344827586206897 0.0591133004926108
0.0690537084398977 0.0664961636828645 0.061381074168798 0.040920716112532 0.0255754475703325 0.0127877237851662 0.00767263427109974 0.125319693094629 0.163682864450128 0.0358056265984655 0.051150895140665 0.0460358056265985 0.0127877237851662 0.0153452685421995 0.0460358056265985 0.0460358056265985 0.0358056265984655 0.051150895140665 0.0358056265984655 0.051150895140665
0.108374384236453 0.0443349753694581 0.083743842364532 0.0344827586206897 0.0394088669950739 0.00985221674876847 0.0443349753694581 0.0788177339901478 0.0394088669950739 0.0591133004926108 0.0591133004926108 0.0591133004926108 0.00985221674876847 0.0394088669950739 0.0492610837438424 0.0492610837438424 0 0.0689655172413793 0.0788177339901478 0.0443349753694581
0.0451612903225806 0.106451612903226 0.0580645161290323 0.0258064516129032 0.0548387096774194 0.0225806451612903 0.0354838709677419 0.0645161290322581 0.0580645161290323 0.0645161290322581 0.0741935483870968 0.032258064516129 0.0129032258064516 0.0258064516129032 0.0935483870967742 0.0258064516129032 0.0483870967741935 0.0612903225806452 0.0387096774193548 0.0516129032258065
0.113138686131387 0.0766423357664234 0.0401459854014599 0.0328467153284672 0.0510948905109489 0.00364963503649635 0.0218978102189781 0.0948905109489051 0.0875912408759124 0.0510948905109489 0.0255474452554745 0.0437956204379562 0.0218978102189781 0.0328467153284672 0.0766423357664234 0.0255474452554745 0.0364963503649635 0.0656934306569343 0.0401459854014599 0.0583941605839416
0.0487804878048781 0.0938086303939962 0.0675422138836773 0.026266416510319 0.0431519699812383 0.0206378986866792 0.0281425891181989 0.0600375234521576 0.0975609756097561 0.0450281425891182 0.0393996247654784 0.0619136960600375 0.00938086303939963 0.0225140712945591 0.0581613508442777 0.0487804878048781 0.0469043151969981 0.0712945590994371 0.0469043151969981 0.0637898686679174
0.0566534914361001 0.0816864295125165 0.0579710144927536 0.0408432147562582 0.0395256916996047 0.00922266139657444 0.0447957839262187 0.075098814229249 0.0843214756258235 0.0395256916996047 0.0474308300395257 0.0632411067193676 0.00658761528326746 0.0184453227931489 0.0500658761528327 0.0658761528326746 0.0395256916996047 0.0632411067193676 0.0461133069828722 0.069828722002635
0.0979591836734694 0.0775510204081633 0.0448979591836735 0.036734693877551 0.0448979591836735 0.0204081632653061 0.0326530612244898 0.0938775510204082 0.036734693877551 0.0244897959183673 0.0326530612244898 0.0530612244897959 0.0244897959183673 0.0448979591836735 0.0571428571428571 0.0693877551020408 0.0204081632653061 0.0816326530612245 0.036734693877551 0.0693877551020408
0.0909090909090909 0.113263785394933 0.0596125186289121 0.0327868852459016 0.0238450074515648 0.0014903129657228 0.0104321907600596 0.0685543964232489 0.101341281669151 0.0342771982116244 0.0596125186289121 0.0476900149031297 0.00447093889716841 0.0193740685543964 0.0521609538002981 0.03725782414307 0.0476900149031297 0.0983606557377049 0.0357675111773472 0.0611028315946349
0.0915254237288136 0.11864406779661 0.0440677966101695 0.0203389830508475 0.0338983050847458 0 0.023728813559322 0.0779661016949153 0.138983050847458 0.0542372881355932 0.0508474576271186 0.0508474576271186 0 0.023728813559322 0.105084745762712 0.0203389830508475 0.0440677966101695 0.0610169491525424 0.00677966101694915 0.0338983050847458
0.08 0.143333333333333 0.04 0.0366666666666667 0.0433333333333333 0.00666666666666667 0.02 0.0433333333333333 0.08 0.0566666666666667 0.04 0.07 0.02 0.05 0.0766666666666667 0.0133333333333333 0.0433333333333333 0.0433333333333333 0.0366666666666667 0.0566666666666667
0.130612244897959 0.102040816326531 0.0571428571428571 0.00408163265306122 0.0163265306122449 0.0122448979591837 0.0244897959183673 0.114285714285714 0.0979591836734694 0.036734693877551 0.0408163265306122 0.0448979591836735 0.0122448979591837 0.0163265306122449 0.0571428571428571 0.0408163265306122 0.0571428571428571 0.0448979591836735 0.0204081632653061 0.0693877551020408
0.0646551724137931 0.105172413793103 0.0568965517241379 0.0318965517241379 0.0431034482758621 0.00689655172413793 0.0336206896551724 0.0810344827586207 0.0879310344827586 0.046551724137931 0.0396551724137931 0.0387931034482759 0.0103448275862069 0.0206896551724138 0.0672413793103448 0.05 0.0344827586206897 0.0793103448275862 0.0275862068965517 0.0741379310344828
0.048582995951417 0.129554655870445 0.048582995951417 0.0323886639676113 0.0202429149797571 0.0323886639676113 0.0161943319838057 0.0850202429149798 0.101214574898785 0.0526315789473684 0.0404858299595142 0.0445344129554656 0.0161943319838057 0.0242914979757085 0.0607287449392713 0.0526315789473684 0.0283400809716599 0.0647773279352227 0.0404858299595142 0.0607287449392713
0.0592216582064298 0.0693739424703892 0.0575296108291032 0.038917089678511 0.0287648054145516 0.0236886632825719 0.0287648054145516 0.089678510998308 0.1082910321489 0.038917089678511 0.0592216582064298 0.0558375634517767 0.0203045685279188 0.027072758037225 0.0541455160744501 0.0423011844331641 0.0355329949238579 0.0676818950930626 0.0406091370558376 0.0541455160744501
0.0710571923743501 0.102253032928943 0.0450606585788562 0.0381282495667244 0.0329289428076256 0.00866551126516464 0.0398613518197574 0.0675909878682842 0.114384748700173 0.0329289428076256 0.0277296360485269 0.0502599653379549 0.00693240901213172 0.024263431542461 0.0554592720970537 0.0571923743500867 0.0467937608318891 0.0831889081455806 0.0329289428076256 0.0623916811091854
0.0822368421052632 0.0986842105263158 0.0559210526315789 0.00657894736842105 0.0394736842105263 0.0230263157894737 0.0164473684210526 0.0723684210526316 0.118421052631579 0.0756578947368421 0.0559210526315789 0.0328947368421053 0.0230263157894737 0.0230263157894737 0.0493421052631579 0.0328947368421053 0.0625 0.0493421052631579 0.0230263157894737 0.0592105263157895
0.0482758620689655 0.120689655172414 0.0482758620689655 0.0344827586206897 0.0448275862068966 0.0172413793103448 0.0241379310344828 0.0586206896551724 0.0896551724137931 0.0551724137931034 0.0862068965517241 0.0689655172413793 0.0137931034482759 0.0344827586206897 0.0689655172413793 0.0241379310344828 0.0482758620689655 0.0448275862068966 0.0241379310344828 0.0448275862068966
0.0598802395209581 0.105788423153693 0.0518962075848303 0.0199600798403194 0.029940119760479 0.0239520958083832 0.0439121756487026 0.0818363273453094 0.0818363273453094 0.0399201596806387 0.0598802395209581 0.0499001996007984 0.00598802395209581 0.029940119760479 0.0778443113772455 0.0499001996007984 0.031936127744511 0.0658682634730539 0.0259481037924152 0.063872255489022
0.0588235294117647 0.101604278074866 0.0508021390374332 0.018716577540107 0.0320855614973262 0.053475935828877 0.018716577540107 0.0748663101604278 0.0828877005347594 0.0695187165775401 0.0588235294117647 0.0427807486631016 0.0133689839572193 0.0294117647058824 0.0668449197860963 0.0294117647058824 0.0695187165775401 0.0614973262032086 0.018716577540107 0.0481283422459893
0.0614525139664804 0.100558659217877 0.0782122905027933 0.0223463687150838 0.0391061452513966 0.0167597765363128 0.0335195530726257 0.0502793296089385 0.0614525139664804 0.0223463687150838 0.0558659217877095 0.0335195530726257 0.0167597765363128 0.0335195530726257 0.0446927374301676 0.0558659217877095 0.0893854748603352 0.0782122905027933 0.0614525139664804 0.0446927374301676
0.0778032036613272 0.128146453089245 0.0320366132723112 0.0274599542334096 0.0297482837528604 0.0068649885583524 0.0205949656750572 0.091533180778032 0.118993135011442 0.0389016018306636 0.0480549199084668 0.0549199084668192 0.0160183066361556 0.022883295194508 0.0503432494279176 0.034324942791762 0.034324942791762 0.0617848970251716 0.0480549199084668 0.05720823798627
0.0675 0.105 0.0625 0.025 0.0325 0.0025 0.0325 0.09 0.105 0.03 0.0625 0.0525 0.015 0.0375 0.0375 0.0575 0.02 0.0725 0.045 0.0475
0.09366391184573 0.09366391184573 0.0661157024793388 0.0137741046831956 0.0358126721763085 0.00550964187327824 0.0220385674931129 0.0716253443526171 0.112947658402204 0.0413223140495868 0.0550964187327824 0.0440771349862259 0.0110192837465565 0.0247933884297521 0.0385674931129477 0.0440771349862259 0.0550964187327824 0.0495867768595041 0.0606060606060606 0.0606060606060606
0.0618556701030928 0.111340206185567 0.045360824742268 0.0329896907216495 0.0391752577319588 0.0164948453608247 0.0288659793814433 0.0680412371134021 0.0948453608247423 0.0556701030927835 0.0618556701030928 0.0329896907216495 0.0123711340206186 0.0185567010309278 0.0556701030927835 0.0762886597938144 0.0268041237113402 0.0865979381443299 0.022680412371134 0.0515463917525773
0.0738916256157636 0.137931034482759 0.0541871921182266 0.00492610837438424 0.0344827586206897 0.00985221674876847 0.0443349753694581 0.0443349753694581 0.0640394088669951 0.0591133004926108 0.0738916256157636 0.0492610837438424 0.0147783251231527 0.0344827586206897 0.0344827586206897 0.0738916256157636 0.0394088669950739 0.0492610837438424 0.0344827586206897 0.0689655172413793
0.0705128205128205 0.121794871794872 0.0576923076923077 0.0256410256410256 0.0448717948717949 0 0.0192307692307692 0.0641025641025641 0.102564102564103 0.032051282051282 0.0641025641025641 0.0641025641025641 0.00641025641025641 0.00641025641025641 0.032051282051282 0.0705128205128205 0.0448717948717949 0.0769230769230769 0.0384615384615385 0.0576923076923077
0.0576368876080692 0.106628242074928 0.031700288184438 0.031700288184438 0.0230547550432277 0.031700288184438 0.0461095100864553 0.069164265129683 0.0979827089337176 0.0547550432276657 0.0504322766570605 0.0475504322766571 0.015850144092219 0.0244956772334294 0.0576368876080692 0.0518731988472622 0.0504322766570605 0.0590778097982709 0.0302593659942363 0.0619596541786743
0.0339622641509434 0.0905660377358491 0.124528301886792 0.0452830188679245 0.0528301886792453 0.00377358490566038 0.0452830188679245 0.030188679245283 0.0377358490566038 0.00754716981132075 0.105660377358491 0.0528301886792453 0.0113207547169811 0.0150943396226415 0.0490566037735849 0.0830188679245283 0.0264150943396226 0.0679245283018868 0.0792452830188679 0.0377358490566038
0.0810810810810811 0.0810810810810811 0.0648648648648649 0.027027027027027 0.0162162162162162 0 0.0108108108108108 0.0324324324324324 0.102702702702703 0.0432432432432432 0.0702702702702703 0.0486486486486487 0.00540540540540541 0 0.0918918918918919 0.0864864864864865 0.0324324324324324 0.0756756756756757 0.027027027027027 0.102702702702703
0.0823529411764706 0.105882352941176 0.0235294117647059 0.0235294117647059 0.0470588235294118 0 0 0.0705882352941176 0.105882352941176 0.0235294117647059 0.0705882352941176 0.117647058823529 0 0.0235294117647059 0.0117647058823529 0.0823529411764706 0.0705882352941176 0.105882352941176 0.0235294117647059 0.0117647058823529
0.0771276595744681 0.125 0.0398936170212766 0.0212765957446809 0.023936170212766 0.00531914893617021 0.00531914893617021 0.0904255319148936 0.143617021276596 0.0186170212765957 0.050531914893617 0.0664893617021277 0 0.0186170212765957 0.0398936170212766 0.0425531914893617 0.0611702127659574 0.0611702127659574 0.0452127659574468 0.0638297872340425
0.0555555555555556 0.12962962962963 0.0802469135802469 0.0123456790123457 0.0246913580246914 0 0.00617283950617284 0.0493827160493827 0.104938271604938 0.0246913580246914 0.0679012345679012 0.0617283950617284 0.0185185185185185 0.0246913580246914 0.0493827160493827 0.0493827160493827 0.0617283950617284 0.0802469135802469 0.0493827160493827 0.0493827160493827
0.101075268817204 0.0774193548387097 0.0365591397849462 0.0193548387096774 0.0602150537634409 0.0150537634408602 0.0344086021505376 0.0688172043010753 0.0881720430107527 0.0408602150537634 0.0516129032258065 0.0494623655913978 0.00860215053763441 0.0172043010752688 0.0731182795698925 0.0408602150537634 0.0279569892473118 0.0795698924731183 0.043010752688172 0.0666666666666667
0.0943396226415094 0.122641509433962 0.0660377358490566 0.0377358490566038 0.0188679245283019 0 0.0377358490566038 0.0660377358490566 0.132075471698113 0.0566037735849057 0.0471698113207547 0.0188679245283019 0.00943396226415094 0.00943396226415094 0.0188679245283019 0.0943396226415094 0.0377358490566038 0.0754716981132075 0.0283018867924528 0.0283018867924528
0.0968858131487889 0.100346020761246 0.055363321799308 0.0311418685121107 0.027681660899654 0.00346020761245675 0.0242214532871972 0.0657439446366782 0.145328719723183 0.0346020761245675 0.0484429065743945 0.0346020761245675 0.0069204152249135 0.0242214532871972 0.069204152249135 0.0346020761245675 0.0173010380622837 0.0795847750865052 0.0380622837370242 0.0622837370242214
0.0817438692098093 0.103542234332425 0.0735694822888283 0.0245231607629428 0.0136239782016349 0.00544959128065395 0.0163487738419619 0.103542234332425 0.119891008174387 0.0326975476839237 0.0517711171662125 0.0463215258855586 0.00544959128065395 0.0299727520435967 0.0735694822888283 0.0272479564032698 0.0381471389645777 0.0544959128065395 0.0354223433242507 0.0626702997275204
0.0886075949367089 0.126582278481013 0.0253164556962025 0.0253164556962025 0.0316455696202532 0 0.0253164556962025 0.0759493670886076 0.0886075949367089 0.0506329113924051 0.0443037974683544 0.0443037974683544 0.0126582278481013 0.0949367088607595 0.0632911392405063 0.0189873417721519 0.0316455696202532 0.0632911392405063 0.0189873417721519 0.069620253164557
0.0818713450292398 0.116959064327485 0.0350877192982456 0.0409356725146199 0.0584795321637427 0.0175438596491228 0.0292397660818713 0.140350877192982 0.0584795321637427 0.0409356725146199 0.0233918128654971 0.0467836257309941 0.0116959064327485 0.0116959064327485 0.0526315789473684 0.064327485380117 0.0233918128654971 0.0526315789473684 0.0233918128654971 0.0701754385964912
0.0726495726495727 0.061965811965812 0.0555555555555556 0.0405982905982906 0.0555555555555556 0.00427350427350427 0.0341880341880342 0.0726495726495727 0.10042735042735 0.0512820512820513 0.0683760683760684 0.0448717948717949 0.00641025641025641 0.0277777777777778 0.0405982905982906 0.0534188034188034 0.0192307692307692 0.0726495726495727 0.0363247863247863 0.0811965811965812
0.0628099173553719 0.0942148760330579 0.0347107438016529 0.0264462809917355 0.0429752066115702 0.0363636363636364 0.0347107438016529 0.0743801652892562 0.084297520661157 0.0611570247933884 0.0429752066115702 0.0380165289256198 0.0115702479338843 0.0363636363636364 0.0661157024793388 0.031404958677686 0.0677685950413223 0.0446280991735537 0.0347107438016529 0.0743801652892562
0.133333333333333 0.115151515151515 0.0848484848484849 0.0181818181818182 0.0303030303030303 0 0.0303030303030303 0.0909090909090909 0.0848484848484849 0.0242424242424242 0.0363636363636364 0.0727272727272727 0 0.00606060606060606 0.0363636363636364 0.0424242424242424 0.0424242424242424 0.0606060606060606 0.0363636363636364 0.0545454545454545
0.0681063122923588 0.0963455149501661 0.0614617940199336 0.0182724252491694 0.0398671096345515 0.00996677740863787 0.0315614617940199 0.0963455149501661 0.0747508305647841 0.0481727574750831 0.0498338870431894 0.0465116279069767 0.0282392026578073 0.00996677740863787 0.079734219269103 0.0514950166112957 0.0315614617940199 0.0697674418604651 0.0215946843853821 0.0664451827242525
0.0813397129186603 0.0909090909090909 0.0669856459330144 0.0239234449760766 0.0382775119617225 0.00956937799043062 0.0191387559808612 0.0669856459330144 0.0861244019138756 0.0813397129186603 0.0478468899521531 0.0430622009569378 0.0430622009569378 0.0239234449760766 0.0526315789473684 0.0478468899521531 0 0.0717703349282297 0.0334928229665072 0.0717703349282297
0.0566037735849057 0.0943396226415094 0.0849056603773585 0.0188679245283019 0.0471698113207547 0.0188679245283019 0.0471698113207547 0.0283018867924528 0.0471698113207547 0.0283018867924528 0.0566037735849057 0.0660377358490566 0 0.0377358490566038 0.122641509433962 0.0377358490566038 0.0849056603773585 0.0283018867924528 0.00943396226415094 0.0849056603773585
0.0653710247349823 0.113074204946996 0.0671378091872792 0.0265017667844523 0.0265017667844523 0.00353356890459364 0.0159010600706714 0.068904593639576 0.0830388692579505 0.0335689045936396 0.0671378091872792 0.0547703180212014 0.0088339222614841 0.019434628975265 0.0565371024734982 0.0600706713780919 0.049469964664311 0.068904593639576 0.0441696113074205 0.0671378091872792
0.0634920634920635 0.100529100529101 0.0740740740740741 0.0264550264550265 0.0264550264550265 0.0105820105820106 0.0105820105820106 0.0423280423280423 0.116402116402116 0.0476190476190476 0.0793650793650794 0.0687830687830688 0.0158730158730159 0.0423280423280423 0.0476190476190476 0.0211640211640212 0.0476190476190476 0.0634920634920635 0.0476190476190476 0.0476190476190476
0.0692567567567568 0.130067567567568 0.0574324324324324 0.0287162162162162 0.0320945945945946 0.00675675675675676 0.0118243243243243 0.0608108108108108 0.14527027027027 0.0557432432432432 0.027027027027027 0.0337837837837838 0.00337837837837838 0.0320945945945946 0.089527027027027 0.0185810810810811 0.0337837837837838 0.0777027027027027 0.0118243243243243 0.0743243243243243
0.025 0.1 0.108333333333333 0.05 0.0416666666666667 0 0.0208333333333333 0.0625 0.0541666666666667 0.025 0.0833333333333333 0.0666666666666667 0.0208333333333333 0.0291666666666667 0.0583333333333333 0.0583333333333333 0.0541666666666667 0.0666666666666667 0.0291666666666667 0.0458333333333333
0.0833333333333333 0.0925925925925926 0.0648148148148148 0.0185185185185185 0.0555555555555556 0.0185185185185185 0.0185185185185185 0.0648148148148148 0.0555555555555556 0.037037037037037 0.0833333333333333 0.00925925925925926 0.0277777777777778 0.0277777777777778 0.0555555555555556 0.0555555555555556 0.0648148148148148 0.0740740740740741 0.00925925925925926 0.0833333333333333
0.0376175548589342 0.122257053291536 0.0376175548589342 0.0313479623824451 0.0438871473354232 0.0156739811912226 0.0564263322884013 0.0658307210031348 0.100313479623824 0.0595611285266458 0.0407523510971787 0.0595611285266458 0.0250783699059561 0.0188087774294671 0.0564263322884013 0.0250783699059561 0.0595611285266458 0.0532915360501567 0.0250783699059561 0.0658307210031348
0.0404624277456647 0.0722543352601156 0.092485549132948 0.0144508670520231 0.0809248554913295 0.00578034682080925 0.0433526011560694 0.0809248554913295 0.0578034682080925 0.0375722543352601 0.0491329479768786 0.0404624277456647 0.00289017341040462 0.023121387283237 0.0375722543352601 0.0635838150289017 0.0433526011560694 0.0722543352601156 0.0491329479768786 0.092485549132948
0.0917874396135266 0.111111111111111 0.0628019323671498 0.0144927536231884 0.0241545893719807 0.0193236714975845 0.0144927536231884 0.0772946859903382 0.0966183574879227 0.0483091787439614 0.0289855072463768 0.0483091787439614 0.00483091787439614 0.0241545893719807 0.0821256038647343 0.0289855072463768 0.0869565217391304 0.072463768115942 0.0193236714975845 0.0434782608695652
0.0644444444444444 0.0911111111111111 0.06 0.0244444444444444 0.0244444444444444 0.0133333333333333 0.0244444444444444 0.0977777777777778 0.102222222222222 0.0311111111111111 0.0866666666666667 0.0644444444444444 0.0111111111111111 0.0222222222222222 0.0511111111111111 0.0422222222222222 0.0377777777777778 0.0688888888888889 0.0311111111111111 0.0511111111111111
0.0681818181818182 0.113636363636364 0.0151515151515152 0.00757575757575758 0.0757575757575758 0.0303030303030303 0.0227272727272727 0.0454545454545455 0.053030303030303 0.0606060606060606 0.0378787878787879 0.0606060606060606 0.0227272727272727 0.0227272727272727 0.0681818181818182 0.0833333333333333 0.0151515151515152 0.113636363636364 0.0227272727272727 0.0606060606060606
0.0437710437710438 0.121212121212121 0.101010101010101 0.0168350168350168 0.063973063973064 0 0.0336700336700337 0.0538720538720539 0.0471380471380471 0.037037037037037 0.063973063973064 0.0774410774410774 0.0202020202020202 0.0235690235690236 0.0538720538720539 0.0707070707070707 0.0437710437710438 0.0572390572390572 0.0437710437710438 0.0269360269360269
0.0605187319884726 0.0979827089337176 0.0547550432276657 0.031700288184438 0.0288184438040346 0.0115273775216138 0.0230547550432277 0.0547550432276657 0.135446685878963 0.0576368876080692 0.0461095100864553 0.0576368876080692 0.0259365994236311 0.0288184438040346 0.0432276657060519 0.0547550432276657 0.0432276657060519 0.0720461095100865 0.0172910662824208 0.0547550432276657
0.0806845965770171 0.0855745721271394 0.0611246943765281 0.0366748166259169 0.0366748166259169 0.00488997555012225 0.0268948655256724 0.100244498777506 0.0806845965770171 0.0464547677261614 0.0342298288508557 0.0537897310513447 0.00733496332518337 0.0366748166259169 0.0366748166259169 0.0635696821515892 0.0366748166259169 0.078239608801956 0.0366748166259169 0.0562347188264059
0.0955882352941176 0.0919117647058824 0.0514705882352941 0.0367647058823529 0.0294117647058824 0.0220588235294118 0.0404411764705882 0.0882352941176471 0.0588235294117647 0.0514705882352941 0.0367647058823529 0.0514705882352941 0.0294117647058824 0.0294117647058824 0.0625 0.0441176470588235 0.0330882352941176 0.0477941176470588 0.0294117647058824 0.0698529411764706
0.0365853658536585 0.195121951219512 0.0365853658536585 0.0121951219512195 0.0304878048780488 0.024390243902439 0.024390243902439 0.0670731707317073 0.0487804878048781 0.0792682926829268 0.0670731707317073 0.0670731707317073 0.0121951219512195 0.00609756097560976 0.0853658536585366 0.0426829268292683 0.0365853658536585 0.0853658536585366 0.00609756097560976 0.0365853658536585
0.0708502024291498 0.0748987854251012 0.0546558704453441 0.0202429149797571 0.0506072874493927 0.0283400809716599 0.0465587044534413 0.0748987854251012 0.0708502024291498 0.0404858299595142 0.0303643724696356 0.048582995951417 0.0161943319838057 0.0303643724696356 0.0425101214574899 0.0425101214574899 0.0404858299595142 0.0668016194331984 0.0546558704453441 0.0951417004048583
0.0647482014388489 0.118705035971223 0.039568345323741 0.0215827338129496 0.0539568345323741 0.0179856115107914 0.0215827338129496 0.0575539568345324 0.0683453237410072 0.0431654676258993 0.0539568345323741 0.0431654676258993 0.0143884892086331 0.0647482014388489 0.0827338129496403 0.0143884892086331 0.0647482014388489 0.0575539568345324 0.039568345323741 0.0575539568345324
0.0588235294117647 0.104411764705882 0.0294117647058824 0.0264705882352941 0.0529411764705882 0.0220588235294118 0.0352941176470588 0.0588235294117647 0.117647058823529 0.0411764705882353 0.0455882352941176 0.0470588235294118 0.00588235294117647 0.0279411764705882 0.0720588235294118 0.025 0.0602941176470588 0.0705882352941176 0.0352941176470588 0.0632352941176471
0.0944055944055944 0.0944055944055944 0.0699300699300699 0.048951048951049 0.027972027972028 0.0034965034965035 0.0104895104895105 0.0769230769230769 0.0629370629370629 0.013986013986014 0.0804195804195804 0.0524475524475524 0.013986013986014 0.034965034965035 0.0629370629370629 0.0664335664335664 0.020979020979021 0.0874125874125874 0.034965034965035 0.041958041958042
0.104895104895105 0.118881118881119 0.0629370629370629 0.034965034965035 0.00699300699300699 0.00699300699300699 0.041958041958042 0.048951048951049 0.0629370629370629 0.027972027972028 0.0839160839160839 0.048951048951049 0.00699300699300699 0.048951048951049 0.027972027972028 0.0559440559440559 0.027972027972028 0.0629370629370629 0.034965034965035 0.0839160839160839
0.0414201183431953 0.102564102564103 0.0532544378698225 0.0256410256410256 0.0512820512820513 0.00986193293885602 0.0177514792899408 0.0749506903353057 0.142011834319527 0.0374753451676529 0.0512820512820513 0.0493096646942801 0.00394477317554241 0.0335305719921105 0.0493096646942801 0.0571992110453649 0.0374753451676529 0.0690335305719921 0.0335305719921105 0.0591715976331361
0.0614754098360656 0.0942622950819672 0.0491803278688525 0.0307377049180328 0.0327868852459016 0.00409836065573771 0.014344262295082 0.0799180327868853 0.127049180327869 0.0471311475409836 0.0614754098360656 0.0676229508196721 0.00819672131147541 0.0266393442622951 0.069672131147541 0.055327868852459 0.0327868852459016 0.055327868852459 0.0430327868852459 0.0389344262295082
0.0508166969147005 0.088929219600726 0.0381125226860254 0.029038112522686 0.043557168784029 0.0417422867513612 0.043557168784029 0.0707803992740472 0.0707803992740472 0.0526315789473684 0.0471869328493648 0.0526315789473684 0.00907441016333938 0.0344827586206897 0.0617059891107078 0.0326678765880218 0.0526315789473684 0.0598911070780399 0.0526315789473684 0.0671506352087114
0.0543478260869565 0.0905797101449275 0.108695652173913 0.0326086956521739 0.0688405797101449 0.0144927536231884 0.0471014492753623 0.036231884057971 0.0289855072463768 0.0036231884057971 0.126811594202899 0.0398550724637681 0.0144927536231884 0.0036231884057971 0.0434782608695652 0.0869565217391304 0.0144927536231884 0.0579710144927536 0.072463768115942 0.0543478260869565
0.0704225352112676 0.0563380281690141 0.0657276995305164 0.0469483568075117 0.0422535211267606 0.00938967136150235 0.0140845070422535 0.07981220657277 0.107981220657277 0.0187793427230047 0.0187793427230047 0.0610328638497653 0.00938967136150235 0.0328638497652582 0.0563380281690141 0.0985915492957746 0.0234741784037559 0.107981220657277 0.0187793427230047 0.0610328638497653
0.062992125984252 0.0918635170603675 0.0498687664041995 0.031496062992126 0.05249343832021 0.0288713910761155 0.041994750656168 0.068241469816273 0.0761154855643045 0.0341207349081365 0.0603674540682415 0.0236220472440945 0.020997375328084 0.020997375328084 0.062992125984252 0.0498687664041995 0.041994750656168 0.0551181102362205 0.0498687664041995 0.0761154855643045
0.0967741935483871 0.0879765395894428 0.0469208211143695 0.032258064516129 0.0498533724340176 0.0117302052785924 0.0175953079178886 0.06158357771261 0.129032258064516 0.0645161290322581 0.0175953079178886 0.0381231671554252 0 0.0234604105571848 0.131964809384164 0.00586510263929619 0.0146627565982405 0.0909090909090909 0.0175953079178886 0.06158357771261
0.127551020408163 0.0714285714285714 0.0153061224489796 0.0204081632653061 0.0204081632653061 0 0.0204081632653061 0.147959183673469 0.0714285714285714 0.0255102040816327 0.0255102040816327 0.0255102040816327 0.0306122448979592 0.102040816326531 0.0204081632653061 0.0306122448979592 0.0306122448979592 0.086734693877551 0.0306122448979592 0.0969387755102041
0.0657276995305164 0.122065727699531 0.0657276995305164 0.0328638497652582 0.0234741784037559 0.00938967136150235 0.0375586854460094 0.07981220657277 0.0657276995305164 0.0610328638497653 0.0328638497652582 0.0516431924882629 0.0140845070422535 0.028169014084507 0.0563380281690141 0.0375586854460094 0.0563380281690141 0.0657276995305164 0.0469483568075117 0.0469483568075117
0.115303983228512 0.0733752620545073 0.0607966457023061 0.0230607966457023 0.0251572327044025 0.00628930817610063 0.0188679245283019 0.113207547169811 0.127882599580713 0.0293501048218029 0.0440251572327044 0.0670859538784067 0.00838574423480084 0.0188679245283019 0.0293501048218029 0.0712788259958071 0.0251572327044025 0.0649895178197065 0.0293501048218029 0.0482180293501048
0.0847457627118644 0.076271186440678 0.0451977401129944 0.0254237288135593 0.0451977401129944 0.00282485875706215 0.0254237288135593 0.0706214689265537 0.104519774011299 0.0338983050847458 0.0649717514124294 0.0480225988700565 0.0254237288135593 0.0254237288135593 0.0875706214689266 0.0451977401129944 0.0451977401129944 0.0621468926553672 0.0282485875706215 0.0536723163841808
0.0469135802469136 0.0814814814814815 0.0716049382716049 0.0419753086419753 0.0419753086419753 0.0172839506172839 0.0419753086419753 0.0888888888888889 0.091358024691358 0.0592592592592593 0.0345679012345679 0.054320987654321 0.0172839506172839 0.0222222222222222 0.037037037037037 0.0493827160493827 0.0395061728395062 0.0790123456790123 0.0395061728395062 0.0444444444444444
0.0795454545454545 0.0954545454545455 0.0568181818181818 0.0181818181818182 0.0386363636363636 0.0136363636363636 0.0340909090909091 0.0681818181818182 0.0909090909090909 0.0590909090909091 0.0840909090909091 0.0522727272727273 0.0136363636363636 0.0159090909090909 0.0704545454545455 0.0454545454545455 0.0318181818181818 0.0545454545454545 0.0295454545454545 0.0477272727272727
0.0623145400593472 0.106824925816024 0.0326409495548961 0.0148367952522255 0.0504451038575668 0.0207715133531157 0.0178041543026706 0.0652818991097923 0.0979228486646884 0.0385756676557863 0.0593471810089021 0.0623145400593472 0.0178041543026706 0.0237388724035608 0.0741839762611276 0.0385756676557863 0.0326409495548961 0.0830860534124629 0.0504451038575668 0.0504451038575668
0.0946969696969697 0.0568181818181818 0.113636363636364 0.0227272727272727 0.0378787878787879 0 0.0340909090909091 0.117424242424242 0.0681818181818182 0.0265151515151515 0.0757575757575758 0.0303030303030303 0.0113636363636364 0.0227272727272727 0.0340909090909091 0.053030303030303 0.0303030303030303 0.0606060606060606 0.0833333333333333 0.0265151515151515
0.114649681528662 0.0573248407643312 0.0318471337579618 0.0318471337579618 0.0445859872611465 0.0318471337579618 0.0636942675159236 0.0636942675159236 0.0636942675159236 0.0636942675159236 0.0254777070063694 0.0509554140127389 0.0127388535031847 0.0191082802547771 0.0191082802547771 0.0636942675159236 0.0445859872611465 0.0955414012738854 0.0445859872611465 0.0573248407643312
0.0765027322404372 0.0765027322404372 0.0710382513661202 0.0382513661202186 0.0273224043715847 0 0.0163934426229508 0.0710382513661202 0.0546448087431694 0.0546448087431694 0.0273224043715847 0.0273224043715847 0.0109289617486339 0.00546448087431694 0.0765027322404372 0.103825136612022 0.0601092896174863 0.109289617486339 0.0327868852459016 0.0601092896174863
0.0542299349240781 0.0629067245119306 0.0607375271149675 0.0368763557483731 0.0238611713665944 0.0325379609544469 0.0390455531453362 0.0759219088937093 0.0824295010845987 0.0477223427331887 0.0281995661605206 0.0433839479392625 0.0455531453362256 0.0281995661605206 0.0563991323210412 0.0629067245119306 0.0390455531453362 0.0997830802603037 0.0325379609544469 0.0477223427331887
0.079136690647482 0.0647482014388489 0.0719424460431655 0.0215827338129496 0.0575539568345324 0.0215827338129496 0 0.0647482014388489 0.0719424460431655 0.0575539568345324 0.0431654676258993 0.0431654676258993 0.0431654676258993 0.0143884892086331 0.0647482014388489 0.0503597122302158 0.0215827338129496 0.0647482014388489 0.0575539568345324 0.0863309352517986
0.0864485981308411 0.0794392523364486 0.0630841121495327 0.0233644859813084 0.0303738317757009 0.00467289719626168 0.0280373831775701 0.0934579439252336 0.107476635514019 0.0280373831775701 0.0700934579439252 0.0514018691588785 0.00700934579439252 0.0163551401869159 0.0397196261682243 0.0607476635514019 0.0233644859813084 0.0700934579439252 0.0490654205607477 0.0677570093457944
0.0619469026548673 0.0907079646017699 0.0597345132743363 0.0265486725663717 0.0442477876106195 0.00663716814159292 0.0331858407079646 0.0685840707964602 0.117256637168142 0.0575221238938053 0.0508849557522124 0.0530973451327434 0.0154867256637168 0.0265486725663717 0.0752212389380531 0.0287610619469027 0.0398230088495575 0.0730088495575221 0.0199115044247788 0.0508849557522124
0.078740157480315 0.078740157480315 0.0551181102362205 0.0393700787401575 0.047244094488189 0 0.031496062992126 0.031496062992126 0.0866141732283465 0.0236220472440945 0.0866141732283465 0.015748031496063 0.0078740157480315 0.0078740157480315 0.0551181102362205 0.0866141732283465 0.031496062992126 0.133858267716535 0.062992125984252 0.0393700787401575
0.0880952380952381 0.0714285714285714 0.0547619047619048 0.0238095238095238 0.0285714285714286 0.00714285714285714 0.05 0.0904761904761905 0.10952380952381 0.0428571428571429 0.0476190476190476 0.0380952380952381 0.0142857142857143 0.030952380952381 0.030952380952381 0.0714285714285714 0.0380952380952381 0.0619047619047619 0.0476190476190476 0.0523809523809524
0.044921875 0.091796875 0.0625 0.0234375 0.05859375 0.02734375 0.033203125 0.0703125 0.056640625 0.052734375 0.0703125 0.03515625 0.015625 0.025390625 0.056640625 0.056640625 0.048828125 0.052734375 0.041015625 0.076171875
0.0771113831089351 0.105263157894737 0.0648714810281518 0.0305997552019584 0.02937576499388 0.00367197062423501 0.0208078335373317 0.0660954712362301 0.0758873929008568 0.0526315789473684 0.0354957160342717 0.0538555691554468 0.00367197062423501 0.0195838433292534 0.0685434516523868 0.0930232558139535 0.0305997552019584 0.0856793145654835 0.0232558139534884 0.0599755201958384
0.0698689956331878 0.122270742358079 0.0611353711790393 0.0131004366812227 0.0349344978165939 0.0218340611353712 0.00873362445414847 0.0960698689956332 0.109170305676856 0.0655021834061135 0.0262008733624454 0.0655021834061135 0.00436681222707424 0.0218340611353712 0.0524017467248908 0.0305676855895196 0.0305676855895196 0.074235807860262 0.0567685589519651 0.0349344978165939
